# Petrel Points with attributes
# Unit in X and Y direction: ftUS
# Unit in depth: ft
VERSION 1
BEGIN HEADER
X
Y
Z
END HEADER
329905.06 665058.27 1822.20 
329900.16 664763.44 2117.47 
329895.74 664497.39 2378.29 
329892.54 664305.13 2765.43 
330073.65 665110.31 1940.30 
330067.93 664766.24 2403.51 
330063.75 664514.73 2769.53 
330057.77 664155.43 3291.53 
330240.99 665087.40 2235.58 
330234.91 664721.53 2511.16 
330233.21 664619.25 2816.28 
330230.42 664451.58 3121.39 
330229.75 664411.34 3544.62 
330408.33 665064.49 2530.85 
330402.12 664691.20 2957.59 
330398.22 664456.46 3614.92 
330575.67 665041.58 2826.12 
330569.08 664645.30 3186.07 
330567.05 664523.13 3672.57 
330743.01 665018.67 3121.39 
330737.79 664704.79 3380.58 
330736.12 664604.18 3721.78 
330910.49 665003.81 3347.77 
330906.40 664757.89 3659.44 
331078.16 665001.03 3470.80 
331077.48 664960.04 3522.74 
