# Petrel Points with attributes
# Unit in X and Y direction: ftUS
# Unit in depth: ft
VERSION 1
BEGIN HEADER
X
Y
Z
END HEADER
328577.05 663868.56 1330.08 
328572.03 663566.74 1748.38 
328748.07 664066.98 1354.68 
328742.96 663759.57 1953.43 
328917.34 664160.01 1407.41 
328914.91 664013.89 1777.08 
328911.39 663802.30 2151.45 
329088.16 664346.45 1520.77 
329080.63 663893.73 1904.22 
329079.20 663807.50 2347.71 
329257.10 664419.52 1654.64 
329250.17 664002.73 1912.42 
329247.01 663812.69 2543.97 
329425.30 664448.67 1783.53 
329419.33 664089.37 2092.86 
329415.00 663828.91 2341.38 
329414.82 663817.89 2740.23 
329593.51 664477.82 1912.42 
329587.32 664105.21 2202.22 
329582.77 663831.71 2624.35 
329582.63 663823.09 2936.50 
329761.72 664506.97 2041.31 
329755.57 664137.45 2314.32 
329752.99 663981.73 2766.85 
329750.43 663828.29 3132.76 
329930.61 664577.32 2169.63 
329924.03 664181.61 2478.36 
329921.00 663999.56 2869.71 
329918.24 663833.48 3329.02 
330099.96 664675.14 2297.58 
330094.87 664368.85 2617.79 
330090.17 664086.60 2932.54 
330086.05 663838.68 3525.28 
330269.31 664772.96 2425.54 
330261.33 664293.41 2708.01 
330260.82 664262.27 3101.71 
330257.15 664041.89 3470.80 
330253.81 663840.69 3725.06 
330438.65 664870.77 2553.49 
330431.24 664424.76 2929.47 
330428.92 664285.03 3314.96 
330421.48 663837.90 3930.11 
330608.00 664968.59 2681.44 
330600.73 664530.96 2944.84 
330598.41 664391.79 3269.03 
330592.50 664036.32 3864.49 
330775.23 664938.97 2818.74 
330768.68 664544.94 3144.77 
330766.59 664419.18 3409.28 
