# Petrel Points with attributes
# Unit in X and Y direction: ftUS
# Unit in depth: ft
VERSION 1
BEGIN HEADER
X
Y
Z
END HEADER
330293.38 664203.42 -4690.19 
330288.74 663923.97 -3787.97 
330463.94 664373.90 -4747.61 
330461.71 664239.76 -4366.21 
330460.22 664150.33 -4075.04 
330456.97 663954.71 -3677.25 
330455.02 663837.34 -3418.88 
330632.17 664404.65 -4132.46 
330626.04 664035.76 -3771.57 
330621.07 663736.74 -3090.80 
330800.78 664457.75 -4023.10 
330796.98 664229.39 -3703.61 
330789.03 663751.28 -3438.57 
330791.48 663898.84 -3172.82 
330787.12 663636.15 -2762.72 
330967.89 664421.43 -3812.58 
330963.80 664175.51 -3451.69 
330959.16 663896.05 -3099.00 
330954.98 663644.54 -2760.67 
331128.79 664010.63 -3160.52 
331126.50 663873.14 -2980.90 
