# Petrel Points with attributes
# Unit in X and Y direction: ftUS
# Unit in depth: ft
VERSION 1
BEGIN HEADER
X
Y
Z
END HEADER
329356.75 663687.87 5565.04 
329791.11 663680.66 6086.06 
329982.74 663677.47 6439.92 
330155.21 663674.60 6701.21 
329135.97 663859.27 5141.27 
329393.07 663854.99 5463.88 
329583.10 663851.83 5709.94 
329855.11 663847.31 6018.89 
329922.65 663846.19 6266.65 
330106.25 663843.14 6571.15 
330253.81 663840.69 6841.82 
329074.48 664028.01 4842.58 
329351.14 664023.41 5134.16 
329641.78 664018.58 5545.90 
329820.64 664015.61 5882.19 
329988.31 664012.82 6193.86 
330176.95 664009.68 6481.96 
330352.41 664006.77 6982.43 
329555.14 664187.74 5070.19 
329746.77 664184.56 5484.97 
330158.78 664177.71 6251.28 
330216.27 664176.75 6521.94 
330468.98 664172.55 6854.12 
329652.70 664353.84 5166.47 
329815.03 664351.14 5447.48 
329953.65 664348.84 5709.94 
330089.70 664346.58 6005.22 
330429.84 664340.92 6694.18 
329750.26 664519.94 5262.76 
330122.43 664513.75 5605.37 
330373.95 664509.57 6109.79 
329847.83 664686.04 5359.04 
330385.12 664677.11 5882.19 
329945.39 664852.14 5455.33 
330351.02 664845.39 5808.37 
