# Petrel Points with attributes
# Unit in X and Y direction: ftUS
# Unit in depth: ft
VERSION 1
BEGIN HEADER
X
Y
Z
END HEADER
328853.82 662356.52 1721.26 
328861.59 662823.95 2117.47 
329023.20 662456.39 1718.75 
329027.03 662687.03 1994.44 
329033.98 663104.92 2391.92 
329192.58 662556.26 1716.24 
329200.12 663010.01 2177.23 
329206.37 663385.90 2666.37 
329361.96 662656.13 1713.73 
329366.56 662932.97 1982.13 
329371.58 663234.78 2228.19 
329372.42 663285.08 2511.16 
329377.71 663603.67 2837.19 
329531.35 662756.00 1711.22 
329538.42 663181.69 2096.38 
329545.11 663584.11 2363.53 
329547.48 663726.64 2852.57 
329700.73 662855.87 1708.71 
329707.69 663274.94 2081.68 
329713.90 663648.39 2412.74 
329717.24 663849.60 2867.95 
329870.11 662955.75 1706.20 
329875.24 663264.53 1981.02 
329881.46 663638.90 2265.10 
329885.11 663858.00 2625.99 
329887.01 663972.57 2883.33 
330039.49 663055.62 1703.69 
330045.69 663428.71 2070.15 
330051.13 663756.00 2326.62 
330056.78 664095.54 2898.71 
330208.87 663155.49 1701.17 
330213.72 663447.21 1988.29 
330217.07 663648.42 2265.10 
330223.22 664018.50 2588.50 
330225.57 664159.82 2867.95 
330378.03 663242.01 1688.03 
330382.60 663516.52 1989.52 
330388.51 663871.99 2289.71 
330393.71 664184.98 2806.44 
330546.31 663275.16 1632.38 
330551.16 663567.39 1925.54 
330558.69 664020.11 2357.38 
330561.85 664210.14 2744.92 
330714.58 663308.30 1576.72 
330724.83 663925.10 2197.44 
330729.99 664235.30 2683.41 
330882.85 663341.45 1521.07 
330887.58 663625.84 1788.64 
330890.28 663788.18 2157.45 
330897.75 664237.59 2549.19 
331051.12 663374.59 1465.41 
331054.75 663592.56 1822.20 
331059.02 663849.66 2076.46 
331065.51 664239.89 2414.98 
331219.40 663407.73 1409.75 
331221.86 663556.24 1666.36 
331227.30 663883.21 1957.53 
331233.27 664242.18 2280.76 
331387.67 663440.88 1354.10 
331394.56 663855.27 1758.22 
331401.03 664244.47 2146.55 
331555.94 663474.02 1298.44 
331561.44 663804.58 1632.38 
331568.79 664246.77 2012.33 
331724.21 663507.16 1242.78 
331728.23 663749.09 1490.01 
331736.55 664249.06 1878.12 
331896.24 663766.42 1330.08 
331904.27 664249.32 1812.35 
332069.21 664082.22 1453.11 
332071.95 664246.54 1849.26 
