# Petrel Points with attributes
# Unit in X and Y direction: ftUS
# Unit in depth: ft
VERSION 1
BEGIN HEADER
X
Y
Z
END HEADER
329600.70 664910.58 1776.50 
329597.92 664742.91 2057.71 
329766.05 664767.90 1600.74 
329762.90 664578.43 1939.07 
329763.00 664584.24 2210.21 
329930.39 664563.91 1354.68 
329929.05 664483.42 1797.59 
329928.75 664465.37 2323.78 
330096.17 664447.10 1266.10 
330097.47 664525.35 1740.18 
330093.22 664269.84 2180.74 
330094.49 664346.50 2437.35 
330262.91 664388.42 1282.50 
330265.51 664544.92 1785.29 
330263.84 664444.31 2051.85 
330262.52 664364.67 2514.24 
330429.66 664329.74 1298.91 
330431.24 664424.76 1600.74 
330428.17 664240.32 1932.92 
330425.66 664089.41 2197.44 
330429.29 664307.39 2580.06 
330596.45 664273.64 1296.95 
330594.92 664181.64 1682.76 
330593.51 664096.68 1989.52 
330593.80 664114.57 2248.70 
330594.59 664162.08 2621.89 
330763.27 664219.26 1282.76 
330762.13 664150.91 1834.50 
330762.69 664184.44 2203.59 
330760.53 664054.49 2652.65 
330930.08 664164.89 1268.56 
330930.36 664181.65 1822.20 
330930.08 664164.89 2191.29 
330926.52 663950.26 2698.17 
331096.90 664110.51 1254.37 
331095.90 664050.32 1707.37 
331096.80 664104.61 1976.86 
331093.86 663927.35 2289.71 
331092.52 663846.87 2747.38 
331263.72 664056.13 1240.17 
331263.76 664058.71 1613.04 
331261.11 663899.42 2135.92 
331258.43 663737.73 2454.92 
331258.58 663747.31 2743.16 
331430.82 664018.66 1237.12 
331429.76 663955.32 1576.14 
331430.96 664027.18 1945.23 
331428.65 663888.25 2363.53 
331426.26 663744.53 2690.44 
331598.34 664006.56 1250.79 
331598.83 664036.37 1526.92 
331595.21 663818.39 1861.57 
331596.32 663885.46 2584.98 
331765.86 663994.45 1264.46 
331763.30 663840.75 1674.56 
331759.68 663623.14 2161.33 
331933.38 663982.35 1278.13 
331927.60 663634.94 1947.37 
332096.11 663682.60 1241.49 
332095.52 663646.73 1733.40 
332263.06 663635.84 1264.46 
332263.44 663658.52 1519.44 
