# Petrel Points with attributes
# Unit in X and Y direction: ftUS
# Unit in depth: ft
VERSION 1
BEGIN HEADER
X
Y
Z
END HEADER
328891.36 664615.50 5395.74 
328891.29 664610.89 5704.67 
329058.72 664593.36 5253.79 
329059.08 664615.29 5586.91 
329058.57 664584.15 5871.64 
329226.07 664571.23 5111.83 
329227.60 664662.81 5373.66 
329224.81 664495.13 5783.76 
329226.33 664586.79 6056.07 
329393.43 664549.09 4969.87 
329394.71 664626.48 5258.83 
329395.83 664693.55 5636.13 
329395.74 664687.96 6029.82 
329396.05 664706.97 6310.33 
329560.78 664526.96 4827.91 
329561.83 664590.16 5267.04 
329564.25 664735.48 5730.45 
329564.62 664757.83 6115.94 
329565.77 664827.14 6564.59 
329728.66 664536.56 4823.38 
329730.07 664620.91 5201.42 
329730.07 664620.91 5956.00 
329733.06 664801.16 6352.78 
329735.01 664918.15 6745.63 
329896.68 664554.10 4853.21 
329899.83 664743.88 5703.79 
329899.83 664743.88 5986.76 
329901.78 664861.25 6245.12 
329902.30 664892.50 6633.79 
330064.69 664571.64 4883.03 
330068.39 664794.19 5886.29 
330068.54 664803.13 6133.17 
330069.60 664866.84 6521.94 
330232.71 664589.17 4912.86 
330233.63 664644.68 5189.12 
330235.14 664735.51 5588.96 
330234.77 664713.15 5882.19 
330236.90 664841.19 6410.10 
330400.72 664606.71 4942.68 
330401.88 664676.83 5291.64 
330401.88 664676.83 5734.55 
330404.19 664815.54 6298.25 
330568.73 664624.25 4972.51 
330570.12 664707.57 5283.44 
330572.13 664828.30 5769.00 
330571.96 664818.50 6196.39 
330736.44 664623.35 4978.79 
330740.58 664872.46 5660.73 
330739.85 664828.61 6097.02 
330902.92 664548.70 4890.92 
330906.31 664752.30 5180.91 
330909.37 664936.74 5531.55 
330907.74 664838.72 5997.64 
331072.38 664653.48 5195.45 
331075.63 664848.83 5898.27 
331242.59 664803.13 5598.10 
331243.52 664858.94 5798.90 
