# Petrel Points with attributes
# Unit in X and Y direction: ftUS
# Unit in depth: ft
VERSION 1
BEGIN HEADER
X
Y
Z
END HEADER
328853.41 664350.35 1526.92 
328850.48 664174.30 1819.12 
328849.39 664108.42 2142.07 
329021.92 664397.87 1403.89 
329018.02 664163.12 1887.81 
329018.10 664167.92 2321.35 
329012.87 663852.93 2701.86 
329195.97 664778.34 1280.86 
329187.74 664283.30 1752.48 
329183.56 664031.79 2039.55 
329184.25 664073.15 2486.56 
329179.50 663787.73 2885.72 
329175.66 663556.71 3306.76 
329366.35 664938.00 1245.07 
329360.06 664559.97 1699.17 
329354.68 664235.80 2002.64 
329350.87 664006.64 2400.44 
329348.91 663889.27 2650.60 
329344.83 663643.35 2962.27 
329344.08 663598.63 3224.74 
329340.14 663361.09 3775.30 
329534.28 664950.46 1267.44 
329529.41 664657.79 1559.73 
329525.32 664411.86 2002.64 
329521.61 664188.30 2338.92 
329518.26 663987.09 2720.31 
329514.92 663785.88 3183.73 
329511.30 663567.90 3698.40 
329702.00 664950.11 1285.79 
329698.76 664755.60 1813.99 
329690.58 664263.76 2142.07 
329689.17 664178.80 2432.42 
329685.94 663984.30 2954.07 
329682.59 663783.09 3520.01 
329869.39 664930.55 1298.09 
329866.30 664744.43 1631.50 
329863.14 664554.66 1978.78 
329853.43 663970.34 3093.51 
330036.06 664867.40 1440.80 
330028.54 664414.68 2068.26 
330201.65 664738.86 1779.14 
330200.40 664663.41 1883.71 
