# Petrel Points with attributes
# Unit in X and Y direction: ftUS
# Unit in depth: ft
VERSION 1
BEGIN HEADER
X
Y
Z
END HEADER
328917.11 656067.58 5968.31 
328918.11 656128.13 6204.11 
329084.01 656018.22 5906.79 
329086.02 656139.32 6378.41 
329250.91 655968.86 5845.28 
329251.70 656016.37 6103.64 
329255.12 656222.61 6551.47 
329415.53 655781.64 5726.35 
329416.27 655826.35 6083.13 
329422.58 656206.42 6554.75 
329577.88 655458.24 5557.83 
329583.02 655767.68 5980.61 
329588.40 656091.85 6445.39 
329744.93 655417.35 5535.47 
329747.91 655597.22 5956.00 
329754.22 655977.28 6336.03 
329911.97 655376.46 5513.10 
329915.47 655587.73 5823.13 
329920.04 655862.72 6226.67 
330079.01 655335.57 5490.73 
330081.03 655457.52 5748.61 
330085.97 655755.14 6242.05 
330246.05 655294.68 5468.36 
330251.33 655612.83 5787.28 
330252.92 655708.64 6202.06 
