# Petrel Points with attributes
# Unit in X and Y direction: ftUS
# Unit in depth: ft
VERSION 1
BEGIN HEADER
X
Y
Z
END HEADER
328702.27 663329.77 2068.26 
328700.60 663229.16 2265.10 
328876.73 663734.99 1850.90 
328871.34 663410.82 2273.31 
328864.37 662991.63 2695.71 
329047.65 663927.82 1625.35 
329043.75 663693.08 1969.83 
329038.74 663391.26 2238.26 
329037.56 663320.47 2500.23 
329032.61 663022.38 2831.04 
329028.15 662754.10 3126.31 
329218.58 664120.66 1399.79 
329215.89 663958.57 1945.23 
329209.48 663572.92 2277.41 
329201.76 663108.46 2914.70 
329391.30 664421.33 1372.05 
329384.23 663996.03 1630.27 
329381.57 663836.02 2191.29 
329373.75 663365.57 2767.07 
329558.65 664398.81 1581.93 
329552.91 664053.60 1871.41 
329550.13 663885.93 2277.41 
329545.75 663622.68 2619.43 
329726.00 664376.30 1791.80 
329720.78 664061.99 2142.07 
329717.75 663879.79 2471.79 
329893.35 664353.79 2001.68 
329891.75 664257.62 2135.92 
