# Petrel Points with attributes
# Unit in X and Y direction: ftUS
# Unit in depth: ft
VERSION 1
BEGIN HEADER
X
Y
Z
END HEADER
338120.40 661999.23 6251.28 
337983.06 662001.51 6521.94 
337693.55 662006.32 7036.21 
338192.65 662165.75 6023.67 
338019.39 662168.63 6349.70 
337815.39 662172.02 6632.67 
337671.19 662174.41 6968.54 
338279.27 662332.02 5808.37 
338078.06 662335.37 6202.06 
337809.79 662339.82 6546.55 
337648.83 662342.50 6900.87 
338153.84 662501.82 5924.16 
337976.06 662504.78 6186.69 
337626.46 662510.59 6833.21 
338028.40 662671.62 6039.95 
337790.21 662675.58 6352.78 
337618.10 662678.44 6749.19 
337902.97 662841.42 6155.75 
337630.75 662845.95 6640.63 
337825.73 663010.42 6180.97 
337643.40 663013.45 6532.07 
