# Petrel Points with attributes
# Unit in X and Y direction: ftUS
# Unit in depth: ft
VERSION 1
BEGIN HEADER
X
Y
Z
END HEADER
337994.82 663381.38 6929.70 
337994.09 663337.47 7026.36 
338156.50 663018.34 6443.20 
338156.84 663038.46 6694.18 
338159.44 663194.96 7087.88 
338318.66 662683.57 6159.00 
338318.79 662691.96 6472.73 
338321.16 662834.47 6777.84 
338324.05 663008.24 7045.38 
338483.07 662485.17 6210.27 
338484.38 662563.42 6558.85 
338488.18 662792.06 6933.53 
338647.71 662299.81 6270.41 
338651.49 662527.10 6856.58 
338813.21 662166.62 6366.10 
338815.19 662285.85 6787.14 
338979.09 662055.78 6450.86 
338981.32 662189.91 6650.44 
339145.52 661978.47 6519.21 
339146.36 662029.15 6566.23 
