# Petrel Points with attributes
# Unit in X and Y direction: ftUS
# Unit in depth: ft
VERSION 1
BEGIN HEADER
X
Y
Z
END HEADER
347094.59 651847.10 6286.82 
347090.88 651623.55 6683.25 
347266.27 652086.50 6083.13 
347264.05 651952.37 6364.46 
347259.17 651658.03 6819.95 
347436.72 652251.39 6103.64 
347432.54 651999.89 6448.12 
347427.45 651692.51 6956.65 
347605.99 652345.68 6064.79 
347600.49 652013.88 6521.94 
347596.41 651767.97 7071.48 
347775.26 652439.96 6025.94 
347771.49 652212.29 6300.49 
347772.04 652245.83 6644.97 
347766.20 651893.73 7146.32 
347944.54 652534.25 5987.09 
347940.26 652276.58 6564.44 
347938.67 652180.77 6831.27 
347935.26 651974.78 7192.46 
348112.24 652533.67 6134.40 
348107.92 652273.80 6866.43 
348104.31 652055.83 7238.59 
348284.49 652807.54 5972.41 
348281.15 652606.34 6325.09 
348273.36 652136.88 7284.73 
348454.93 652972.42 5931.40 
348451.82 652784.64 6246.35 
348448.44 652581.21 6649.07 
348624.82 653103.77 5980.61 
348622.36 652955.27 6240.73 
