# Petrel Points with attributes
# Unit in X and Y direction: ftUS
# Unit in depth: ft
VERSION 1
BEGIN HEADER
X
Y
Z
END HEADER
329533.98 664932.77 4450.12 
329533.22 664886.94 4709.30 
329533.18 664884.15 4977.92 
329535.39 665017.09 5608.00 
329533.59 664909.30 5882.19 
329699.99 664829.38 4482.92 
329699.88 664822.67 4922.55 
329703.50 665040.65 5402.37 
329701.74 664934.46 5734.55 
329699.88 664822.67 6128.25 
329865.99 664725.99 4515.73 
329866.99 664786.35 5065.27 
329869.78 664954.03 5439.28 
329868.39 664870.19 5685.34 
329866.74 664770.87 6345.91 
330032.65 664662.15 4511.04 
330034.78 664790.27 4912.71 
330036.58 664898.54 5326.79 
330036.34 664884.17 5685.34 
330034.95 664800.33 6220.52 
330033.98 664742.29 6544.66 
330199.75 664624.67 4481.34 
330201.23 664713.71 4885.64 
330204.02 664881.38 5537.70 
330201.32 664719.30 6161.05 
330201.23 664713.71 6743.40 
330366.85 664587.19 4451.64 
330366.49 664565.60 4832.33 
330366.68 664576.78 6448.12 
330367.98 664655.03 6770.74 
330533.95 664549.71 4421.95 
330534.07 664557.23 5051.73 
330534.00 664553.03 5586.91 
330534.61 664589.24 5900.08 
330534.10 664558.75 6448.12 
330534.72 664596.35 6798.08 
330701.05 664512.23 4392.25 
330701.81 664557.79 4730.63 
330702.40 664593.56 5111.20 
330701.52 664540.72 6448.12 
330701.47 664537.67 6825.42 
330868.15 664474.75 4362.55 
330869.15 664534.88 4750.31 
330870.12 664593.57 5586.91 
330870.54 664618.72 5900.64 
330871.38 664669.02 6152.85 
330868.53 664497.62 6743.40 
331035.48 664451.61 4642.04 
331035.15 664431.49 5162.46 
331035.71 664465.03 5414.67 
331036.82 664532.10 5832.97 
331036.82 664532.10 6138.79 
331036.05 664485.52 6497.34 
331202.88 664432.06 4998.83 
331202.45 664406.35 5312.15 
331203.20 664451.06 5652.53 
331203.38 664462.24 5992.91 
331203.57 664473.42 6251.28 
331369.38 664358.85 5381.86 
331369.94 664392.38 5636.13 
331371.09 664461.31 6005.22 
