# Petrel Points with attributes
# Unit in X and Y direction: ftUS
# Unit in depth: ft
VERSION 1
BEGIN HEADER
X
Y
Z
END HEADER
332780.43 656413.46 6603.96 
332778.46 656295.23 6739.61 
332945.78 656270.95 6439.92 
332941.86 656034.49 6711.22 
333110.86 656111.67 6366.10 
333105.61 655795.49 6745.15 
333275.75 655941.21 6352.43 
333269.90 655589.10 6872.58 
333440.55 655765.79 6382.51 
333438.13 655619.85 6681.88 
333434.20 655382.72 7000.00 
333605.34 655589.13 6423.52 
333603.86 655499.70 6735.19 
333598.49 655176.33 7127.43 
333770.13 655412.46 6464.53 
333768.30 655302.42 6812.29 
333762.79 654969.95 7254.85 
333934.92 655235.80 6505.54 
333932.64 655098.43 6856.58 
333927.08 654763.57 7382.27 
334099.70 655059.13 6546.55 
334098.81 655005.11 6829.52 
334092.96 654653.00 7325.74 
334261.93 654728.46 6850.02 
334260.08 654616.68 7063.27 
