# Petrel Points with attributes
# Unit in X and Y direction: ftUS
# Unit in depth: ft
VERSION 1
BEGIN HEADER
X
Y
Z
END HEADER
345578.30 663116.38 6014.00 
345729.20 663113.87 6550.06 
345617.02 663283.44 5934.91 
345851.75 663279.54 6567.64 
345655.73 663450.51 5855.82 
345861.72 663447.09 6226.67 
345945.55 663445.69 6599.28 
345758.32 663616.52 5816.57 
345881.27 663614.47 6214.37 
346032.17 663611.96 6634.43 
345951.13 663781.02 5869.88 
345967.89 663780.74 6128.25 
346118.79 663778.23 6669.58 
346121.58 663945.90 6054.43 
346079.66 663946.60 6325.09 
346237.65 663943.97 6697.97 
346292.03 664110.78 6238.97 
346356.52 664109.70 6726.36 
346395.42 664276.77 6370.79 
346419.37 664276.37 6652.00 
